===MATRIX START===
airport: 0.40 0.55 0.65 0.48 0.72 0.80 0.62 0.74 0.68 0.70 0.35 0.68 0.25 0.42 0.85 0.30 1.00 0.38 0.72 0.45
basketball court: 0.38 0.50 0.52 0.25 0.34 0.38 0.56 0.32 0.46 0.45 0.46 0.48 0.40 0.98 0.35 0.44 0.38 1.00 0.48 0.28
ground track field: 0.32 0.72 0.56 0.42 0.62 0.70 0.48 0.78 0.50 0.55 0.22 0.70 0.18 0.52 0.74 0.18 0.72 0.48 1.00 0.20
windmill: 0.62 0.28 0.58 0.55 0.32 0.30 0.50 0.20 0.35 0.52 0.30 0.25 0.48 0.32 0.28 0.38 0.45 0.28 0.20 1.00
===MATRIX END===
[METRICS]
  Class                                 MAE   Pearson   Spearman
  --------------------------------------------------------------
  airport                            0.0790    0.9355     0.9503
  basketball court                   0.0820    0.8585     0.7204
  ground track field                 0.0835    0.9084     0.8392
  windmill                           0.1085    0.7490     0.6174
  --------------------------------------------------------------
  OVERALL                            0.0883    0.8517     0.8149

===MATRIX START===
airport: 0.58 0.52 0.82 0.38 0.55 0.70 0.76 0.25 0.62 0.80 0.58 0.48 0.30 0.35 0.68 0.55 1.00 0.45 0.55 0.40
basketball court: 0.42 0.56 0.52 0.22 0.30 0.34 0.56 0.32 0.35 0.42 0.40 0.52 0.40 0.98 0.36 0.44 0.45 1.00 0.48 0.30
ground track field: 0.28 0.54 0.58 0.35 0.45 0.60 0.55 0.40 0.40 0.60 0.35 0.70 0.22 0.42 0.68 0.35 0.55 0.48 1.00 0.35
windmill: 0.45 0.40 0.50 0.95 0.55 0.50 0.42 0.48 0.38 0.42 0.25 0.40 0.50 0.20 0.54 0.28 0.40 0.30 0.35 1.00
===MATRIX END===
[METRICS]
  Class                                 MAE   Pearson   Spearman
  --------------------------------------------------------------
  airport                            0.1630    0.4806     0.4297
  basketball court                   0.0775    0.8751     0.7891
  ground track field                 0.0975    0.9206     0.9311
  windmill                           0.1920    0.2452    -0.0544
  --------------------------------------------------------------
  OVERALL                            0.1325    0.5901     0.5065

===MATRIX START===
airport: 0.71 0.61 0.82 0.42 0.68 0.78 0.80 0.55 0.65 0.84 0.46 0.58 0.37 0.52 0.76 0.34 1.00 0.49 0.62 0.34
basketball court: 0.44 0.68 0.56 0.38 0.48 0.52 0.54 0.57 0.44 0.48 0.40 0.63 0.28 0.72 0.52 0.35 0.49 1.00 0.58 0.30
ground track field: 0.33 0.62 0.52 0.42 0.66 0.72 0.44 0.78 0.50 0.56 0.26 0.68 0.18 0.45 0.74 0.18 0.62 0.58 1.00 0.28
windmill: 0.38 0.36 0.39 0.58 0.42 0.38 0.46 0.24 0.28 0.36 0.44 0.22 0.56 0.30 0.38 0.55 0.34 0.30 0.28 1.00
===MATRIX END===
[METRICS]
  Class                                 MAE   Pearson   Spearman
  --------------------------------------------------------------
  airport                            0.1250    0.7663     0.7189
  basketball court                   0.0515    0.9359     0.9020
  ground track field                 0.0840    0.9024     0.8658
  windmill                           0.1135    0.7655     0.6404
  --------------------------------------------------------------
  OVERALL                            0.0935    0.8044     0.7785
