===MATRIX START===
airport: 0.52 0.55 0.78 0.35 0.68 0.83 0.75 0.48 0.58 0.76 0.45 0.62 0.28 0.38 0.82 0.42 1.00 0.45 0.72 0.32
basketball court: 0.38 0.58 0.48 0.25 0.35 0.38 0.52 0.32 0.40 0.42 0.42 0.48 0.35 0.88 0.40 0.42 0.45 1.00 0.55 0.28
ground track field: 0.32 0.65 0.52 0.38 0.58 0.62 0.50 0.58 0.48 0.52 0.35 0.84 0.28 0.52 0.75 0.28 0.72 0.55 1.00 0.35
windmill: 0.35 0.32 0.38 0.48 0.35 0.32 0.38 0.38 0.35 0.38 0.28 0.32 0.45 0.28 0.38 0.28 0.32 0.28 0.35 1.00
===MATRIX END===
[METRICS]
  Class                                 MAE   Pearson   Spearman
  --------------------------------------------------------------
  airport                            0.1050    0.8080     0.8205
  basketball court                   0.0570    0.9329     0.8557
  ground track field                 0.0575    0.9649     0.9343
  windmill                           0.1470    0.5774     0.1201
  --------------------------------------------------------------
  OVERALL                            0.0916    0.8081     0.7391

===MATRIX START===
airport: 0.42 0.38 0.66 0.28 0.55 0.82 0.68 0.35 0.52 0.67 0.38 0.48 0.22 0.32 0.78 0.35 1.00 0.30 0.42 0.22
basketball court: 0.35 0.62 0.48 0.22 0.30 0.32 0.52 0.28 0.38 0.40 0.35 0.40 0.20 0.88 0.32 0.38 0.30 1.00 0.55 0.18
ground track field: 0.30 0.68 0.45 0.25 0.50 0.58 0.42 0.50 0.40 0.45 0.28 0.92 0.22 0.48 0.68 0.25 0.42 0.55 1.00 0.20
windmill: 0.28 0.25 0.32 0.45 0.28 0.25 0.28 0.22 0.25 0.30 0.22 0.25 0.38 0.18 0.25 0.20 0.22 0.18 0.20 1.00
===MATRIX END===
[METRICS]
  Class                                 MAE   Pearson   Spearman
  --------------------------------------------------------------
  airport                            0.1190    0.7478     0.7159
  basketball court                   0.0910    0.9173     0.7906
  ground track field                 0.1105    0.9586     0.9260
  windmill                           0.1765    0.6262     0.3335
  --------------------------------------------------------------
  OVERALL                            0.1243    0.8029     0.7351

===MATRIX START===
airport: 0.55 0.48 0.62 0.35 0.75 0.82 0.68 0.58 0.52 0.65 0.45 0.58 0.22 0.42 0.80 0.38 1.00 0.35 0.48 0.28
basketball court: 0.42 0.55 0.52 0.25 0.35 0.38 0.55 0.32 0.40 0.45 0.45 0.48 0.38 0.88 0.40 0.48 0.35 1.00 0.52 0.30
ground track field: 0.38 0.62 0.48 0.35 0.55 0.58 0.45 0.55 0.45 0.50 0.30 0.86 0.25 0.50 0.72 0.28 0.48 0.52 1.00 0.32
windmill: 0.35 0.42 0.38 0.45 0.38 0.32 0.35 0.38 0.32 0.38 0.28 0.32 0.30 0.30 0.32 0.28 0.28 0.30 0.32 1.00
===MATRIX END===
[METRICS]
  Class                                 MAE   Pearson   Spearman
  --------------------------------------------------------------
  airport                            0.0900    0.8444     0.8185
  basketball court                   0.0690    0.8857     0.7097
  ground track field                 0.0830    0.9474     0.9057
  windmill                           0.1440    0.5558     0.0340
  --------------------------------------------------------------
  OVERALL                            0.0965    0.8022     0.7026
