===MATRIX START===
passenger plane or cargo plane: 0.76 0.75 0.47 0.53 0.59 0.62 0.52 0.60 0.44 0.39 0.59 0.48 0.63 0.66 0.61 0.60 1.00 0.44 0.50 0.56
sailboat: 0.49 0.54 0.80 0.77 0.79 0.69 0.90 0.76 0.42 0.33 0.45 0.40 0.71 0.68 0.37 0.69 0.44 1.00 0.65 0.72
ferry: 0.58 0.62 0.55 0.62 0.66 0.70 0.70 0.80 0.72 0.65 0.68 0.62 0.64 0.74 0.63 0.67 0.50 0.65 1.00 0.60
dump truck: 0.58 0.63 0.82 0.90 0.96 0.88 0.83 0.72 0.43 0.32 0.57 0.48 0.92 0.84 0.48 0.78 0.56 0.72 0.60 1.00
===MATRIX END===
[METRICS]
  Class                                 MAE   Pearson   Spearman
  --------------------------------------------------------------
  passenger plane or cargo plane     0.2125    0.7594     0.4274
  sailboat                           0.0660    0.9542     0.9578
  ferry                              0.0835    0.8858     0.8958
  dump truck                         0.0440    0.9163     0.9752
  --------------------------------------------------------------
  OVERALL                            0.1015    0.8074     0.8523
