===MATRIX START===
passenger plane or cargo plane: 0.96 0.79 0.45 0.50 0.55 0.60 0.52 0.58 0.42 0.38 0.58 0.46 0.62 0.68 0.60 0.65 1.00 0.48 0.55 0.52
sailboat: 0.54 0.59 0.88 0.84 0.86 0.75 0.95 0.76 0.44 0.36 0.48 0.42 0.77 0.72 0.38 0.74 0.48 1.00 0.78 0.85
ferry: 0.50 0.55 0.72 0.78 0.80 0.82 0.76 0.85 0.82 0.75 0.68 0.62 0.74 0.82 0.60 0.70 0.55 0.78 1.00 0.79
dump truck: 0.61 0.66 0.90 0.96 0.97 0.91 0.88 0.74 0.45 0.33 0.59 0.50 0.90 0.86 0.50 0.80 0.52 0.85 0.79 1.00
===MATRIX END===
[METRICS]
  Class                                 MAE   Pearson   Spearman
  --------------------------------------------------------------
  passenger plane or cargo plane     0.2200    0.7701     0.4909
  sailboat                           0.0315    0.9602     0.9766
  ferry                              0.0545    0.8267     0.9264
  dump truck                         0.0300    0.9521     0.9744
  --------------------------------------------------------------
  OVERALL                            0.0840    0.8545     0.8778
