===MATRIX START===
tennis court: 0.40 0.42 0.38 0.60 0.90 0.68 0.50 0.52 0.48 0.40 0.45 1.00 0.50 0.60 0.55
helicopter: 0.85 0.55 0.42 0.40 0.40 0.35 0.55 0.55 0.60 0.65 0.40 0.50 1.00 0.40 0.45
soccer ball field: 0.35 0.38 0.32 0.70 0.65 0.78 0.40 0.42 0.38 0.35 0.40 0.60 0.40 1.00 0.45
swimming pool: 0.38 0.68 0.35 0.45 0.55 0.38 0.72 0.50 0.42 0.40 0.36 0.55 0.45 0.45 1.00
===MATRIX END===
[METRICS]
  Class                                 MAE   Pearson   Spearman
  --------------------------------------------------------------
  tennis court                       0.0913    0.9543     0.9577
  helicopter                         0.0800    0.8213     0.5527
  soccer ball field                  0.0927    0.9393     0.9416
  swimming pool                      0.1500    0.6514     0.3489
  --------------------------------------------------------------
  OVERALL                            0.1035    0.7579     0.5618

===MATRIX START===
tennis court: 0.40 0.45 0.42 0.64 0.75 0.70 0.54 0.58 0.54 0.45 0.50 1.00 0.38 0.72 0.58
helicopter: 0.52 0.46 0.40 0.42 0.40 0.35 0.48 0.45 0.48 0.43 0.42 0.38 1.00 0.34 0.39
soccer ball field: 0.36 0.35 0.33 0.64 0.72 0.72 0.52 0.54 0.45 0.34 0.48 0.72 0.34 1.00 0.42
swimming pool: 0.38 0.52 0.44 0.44 0.56 0.40 0.58 0.56 0.50 0.48 0.42 0.58 0.39 0.42 1.00
===MATRIX END===
[METRICS]
  Class                                 MAE   Pearson   Spearman
  --------------------------------------------------------------
  tennis court                       0.0987    0.9573     0.9046
  helicopter                         0.0820    0.9485     0.7993
  soccer ball field                  0.0693    0.9497     0.9200
  swimming pool                      0.1493    0.7492     0.5871
  --------------------------------------------------------------
  OVERALL                            0.0998    0.7954     0.6362

===MATRIX START===
tennis court: 0.43 0.45 0.43 0.66 1.00 0.68 0.56 0.55 0.52 0.44 0.50 1.00 0.35 0.65 0.48
helicopter: 0.70 0.48 0.30 0.35 0.33 0.32 0.50 0.40 0.50 0.45 0.42 0.35 1.00 0.32 0.33
soccer ball field: 0.36 0.32 0.28 0.67 0.65 1.00 0.50 0.48 0.40 0.33 0.42 0.65 0.32 1.00 0.38
swimming pool: 0.30 0.55 0.28 0.38 0.48 0.35 0.60 0.42 0.30 0.32 0.35 0.48 0.33 0.38 1.00
===MATRIX END===
[METRICS]
  Class                                 MAE   Pearson   Spearman
  --------------------------------------------------------------
  tennis court                       0.1073    0.9244     0.8786
  helicopter                         0.0947    0.9079     0.6613
  soccer ball field                  0.0887    0.9488     0.9166
  swimming pool                      0.2127    0.6726     0.3106
  --------------------------------------------------------------
  OVERALL                            0.1258    0.7173     0.4324
