===MATRIX START===
tennis court: 0.43 0.46 0.44 0.65 0.88 0.72 0.55 0.58 0.54 0.47 0.50 1.00 0.42 0.68 0.58
helicopter: 0.52 0.48 0.38 0.42 0.40 0.36 0.48 0.45 0.44 0.41 0.39 0.42 1.00 0.35 0.38
soccer ball field: 0.39 0.38 0.32 0.66 0.73 0.85 0.58 0.56 0.48 0.36 0.51 0.68 0.35 1.00 0.52
swimming pool: 0.41 0.55 0.48 0.58 0.60 0.52 0.62 0.60 0.56 0.50 0.53 0.58 0.38 0.52 1.00
===MATRIX END===
[METRICS]
  Class                                 MAE   Pearson   Spearman
  --------------------------------------------------------------
  tennis court                       0.1153    0.9619     0.9003
  helicopter                         0.0900    0.9329     0.7705
  soccer ball field                  0.0400    0.9771     0.9410
  swimming pool                      0.0987    0.7977     0.5749
  --------------------------------------------------------------
  OVERALL                            0.0860    0.8298     0.7024

===MATRIX START===
tennis court: 0.43 0.44 0.42 0.68 0.88 0.76 0.55 0.58 0.54 0.45 0.50 1.00 0.48 0.72 0.60
helicopter: 0.65 0.62 0.50 0.45 0.42 0.38 0.55 0.58 0.68 0.60 0.48 0.48 1.00 0.40 0.45
soccer ball field: 0.38 0.37 0.32 0.68 0.72 0.88 0.56 0.55 0.46 0.36 0.50 0.72 0.40 1.00 0.65
swimming pool: 0.40 0.48 0.45 0.58 0.60 0.55 0.62 0.55 0.50 0.48 0.52 0.60 0.45 0.65 1.00
===MATRIX END===
[METRICS]
  Class                                 MAE   Pearson   Spearman
  --------------------------------------------------------------
  tennis court                       0.1240    0.9627     0.9515
  helicopter                         0.0607    0.8567     0.5603
  soccer ball field                  0.0400    0.9706     0.9561
  swimming pool                      0.1093    0.6779     0.2783
  --------------------------------------------------------------
  OVERALL                            0.0835    0.8093     0.6905

===MATRIX START===
tennis court: 0.42 0.44 0.41 0.68 0.82 0.76 0.55 0.58 0.53 0.45 0.50 1.00 0.42 0.74 0.50
helicopter: 0.62 0.45 0.36 0.40 0.41 0.35 0.48 0.43 0.44 0.42 0.37 0.42 1.00 0.40 0.38
soccer ball field: 0.39 0.38 0.32 0.67 0.72 0.84 0.56 0.54 0.46 0.36 0.49 0.74 0.40 1.00 0.48
swimming pool: 0.40 0.48 0.38 0.52 0.52 0.50 0.58 0.50 0.48 0.42 0.45 0.50 0.38 0.48 1.00
===MATRIX END===
[METRICS]
  Class                                 MAE   Pearson   Spearman
  --------------------------------------------------------------
  tennis court                       0.1087    0.9595     0.9164
  helicopter                         0.0867    0.9294     0.6754
  soccer ball field                  0.0480    0.9665     0.9374
  swimming pool                      0.1440    0.7538     0.4188
  --------------------------------------------------------------
  OVERALL                            0.0968    0.7919     0.6090
